1011100110111111111110010000111010011111011011101001111010101111 
0000000111000010110100010100100011100000101101000101000111111111 
0111001010011001000110110010101100010111010000001100101111111010 
1111110110101111110011111110011111110000111111011010101111010010 
1010010101000110011001110011101001111011001100111110011110001011 
0010010000000111110000100000110110101110011100110111100000110111 
0000010101100011101011111100100011100101101001001001001111110010 
1111001000010100111100011101111010110001000000001111101100000110 
1110011010100010000111001000100101101100101100111011010110001001 
0111101001110000110001111111100100111000101111011011100111100110 
0010111010111000010001101000000110101101110000010000011010010111 
1111111000100010000100111011010001100101111111110111010011010001 
1001011110110100111010010001010111011111110110101101000101111010 
0111010001111011000000010101111101011000010000001111100010000000 
1000100110100010010010001001011010110011011000010100010101110110 
1001011011110001011000110101110000100010011001001001011001000100 
1111000100100110000110111100001000011011100110100010001000101100 
1111010110010001011010000010000100010110101100101000100101010011 
0000000010011100011000110010100100100010011100111101100001101001 
1101010100110111000000010110010110010001011111101110110000010011 
0001010011100101111011110011000010101011101100110101110000111100 
1110101011001010000000110111000011101100011101011010101100111101 
1110000111110111001111100011111001001000000111110100010000111011 
0110110001101011111111110001010010000000000110110101011101110100 
