0110011000100101100110110110110111000100010011011101000001100011 
1011010110111111000011010001011000001111101001110111101110100011 
1100001100110101010000101010111010001000000111000010000101110101 
1001000010001111001100000110010010110001100011110101111100001000 
1001010101110110000011001011111001011001100001100111110101101000 
0000111111101101011000010110100010010011000101111001000100101110 
0111011001101011010111010001000100010100000100110101111011010111 
0100010001110111110001010000010100111101011011011111110101101010 
1011100100100011111111001000110111111011101011101010111111000110 
1110111011111000010011010101110110111110010101000011010100100100 
0011101111000001101111111101010110010110000110010100100100000111 
1111001001001001111000001100011011010101010011000111101111001011 
1111001001101111101101011001110000001110111011110110011011110001 
0110001011101111110111001011001110100010100010010110010011011100 
0001010110100110011010111111101110110001011001111110000010011011 
0011001110001100001010100001111100001010101010011001100010000100 
0011100100011000100010011010110010111111001001011111111100011100 
1011111001011100100010101000000001011100100110100110000000001010 
0110011111010001010001001001000000110100000100101101011110100100 
1100100101001001001001010101100100110100111111100111010100101100 
0000010011011011110100111101111111110001110100011110010110110000 
1110101111011010011101010100001011011010110000010111011110110111 
0111000011001010001110100101101010101000101111000101101001000100 
0111110011000100100000000000000100010110000011100101011010111010 
